100,1.794e-06
200,1.644e-06
300,2.081e-06
400,1.974e-06
500,2.03e-06
600,2.666e-06
700,2.189e-06
800,2.46e-06
900,4.491e-06
1000,2.375e-06
1100,2.25e-06
1200,2.395e-06
1300,2.325e-06
1400,2.496e-06
1500,2.726e-06
1600,2.566e-06
1700,2.791e-06
1800,2.49e-06
1900,2.681e-06
2000,2.761e-06
2100,2.851e-06
2200,2.977e-06
2300,2.966e-06
2400,3.017e-06
2500,2.872e-06
2600,2.852e-06
2700,5.012e-06
2800,3.167e-06
2900,3.242e-06
3000,3.373e-06
3100,3.418e-06
3200,3.363e-06
3300,3.1668e-05
3400,4.059e-06
3500,3.883e-06
3600,3.709e-06
3700,3.944e-06
3800,4.39e-06
3900,4.395e-06
4000,5.187e-06
4100,4.526e-06
4200,4.631e-06
4300,5.002e-06
4400,6.26e-06
4500,5.112e-06
4600,5.187e-06
4700,5.062e-06
4800,5.438e-06
4900,5.633e-06
5000,6.756e-06
5100,6.018e-06
5200,5.587e-06
5300,5.893e-06
5400,5.908e-06
5500,5.894e-06
5600,5.773e-06
5700,6.034e-06
5800,6.194e-06
5900,4.377e-06
6000,4.24e-06
6100,3.543e-06
6200,3.651e-06
6300,4.483e-06
6400,3.163e-06
6500,6.655e-06
6600,9.156e-06
6700,6.796e-06
6800,7.592e-06
6900,7.262e-06
7000,7.743e-06
7100,7.267e-06
7200,6.841e-06
7300,6.746e-06
7400,5.23e-06
7500,6.986e-06
7600,7.592e-06
7700,9.146e-06
7800,7.498e-06
7900,7.397e-06
8000,7.727e-06
8100,9.211e-06
8200,7.613e-06
8300,6.351e-06
8400,5.288e-06
8500,9.587e-06
8600,1.0389e-05
8700,7.594e-06
8800,6.163e-06
8900,7.224e-06
9000,4.429e-06
9100,6.043e-06
9200,2.2584e-05
9300,3.675e-06
9400,2.185e-06
9500,2.929e-06
9600,8.525e-06
9700,9.482e-06
9800,9.101e-06
9900,8.524e-06
10000,9.161e-06
10100,1.4082e-05
10200,9.969e-06
10300,9.157e-06
10400,1.065e-05
10500,1.2924e-05
10600,9.577e-06
10700,9.401e-06
10800,1.3365e-05
10900,1.0039e-05
11000,9.376e-06
11100,1.1136e-05
11200,1.0259e-05
11300,9.843e-06
11400,1.092e-05
11500,6.566e-06
11600,5.137e-06
11700,4.313e-06
11800,1.0027e-05
11900,1.0554e-05
12000,1.0975e-05
12100,1.0464e-05
12200,1.1362e-05
12300,1.0539e-05
12400,7.75e-06
12500,5.563e-06
12600,1.0499e-05
12700,8.724e-06
12800,1.0725e-05
12900,1.0639e-05
13000,1.1075e-05
13100,1.1326e-05
13200,1.3143e-05
13300,1.1071e-05
13400,1.2755e-05
13500,1.2408e-05
13600,1.1787e-05
13700,1.1346e-05
13800,8.453e-06
13900,1.1286e-05
14000,9.827e-06
14100,5.887e-06
14200,1.0238e-05
14300,9.004e-06
14400,9.98e-06
14500,9.506e-06
14600,1.2208e-05
14700,1.2379e-05
14800,1.2679e-05
14900,1.2839e-05
15000,4.326e-05
15100,1.2799e-05
15200,1.2514e-05
15300,1.3176e-05
15400,1.4193e-05
15500,8.56e-06
15600,4.4607e-05
15700,1.2559e-05
15800,1.2545e-05
15900,1.2554e-05
16000,1.2875e-05
16100,1.2694e-05
16200,1.3491e-05
16300,1.3746e-05
16400,8.898e-06
16500,1.8222e-05
16600,1.8863e-05
16700,9.071e-06
16800,6.538e-06
16900,4.352e-06
17000,4.457e-06
17100,4.243e-06
17200,4.408e-06
17300,3.1338e-05
17400,1.9119e-05
17500,2.152e-05
17600,2.0408e-05
17700,1.9034e-05
17800,1.8883e-05
17900,1.9154e-05
18000,1.463e-05
18100,1.8794e-05
18200,1.2712e-05
18300,1.952e-05
18400,1.9796e-05
18500,1.8823e-05
18600,2.0503e-05
18700,1.588e-05
18800,1.963e-05
18900,2.4306e-05
19000,1.939e-05
19100,2.1966e-05
19200,9.737e-06
19300,1.6591e-05
19400,2.3444e-05
19500,8.179e-06
19600,2.0287e-05
19700,8.453e-06
19800,1.1237e-05
19900,2.2426e-05
20000,1.7132e-05
20100,2.201e-05
20200,2.1985e-05
20300,2.154e-05
