100,2.175e-06
200,2.05e-06
300,2.38e-06
400,2.837e-06
500,4.315e-06
600,1.7451e-05
700,3.814e-06
800,4.039e-06
900,2.7348e-05
1000,5.763e-06
1100,4.425e-06
1200,5.087e-06
1300,4.65e-06
1400,7.737e-06
1500,5.011e-06
1600,5.067e-06
1700,5.062e-06
1800,6.059e-06
1900,5.924e-06
2000,6.501e-06
2100,5.633e-06
2200,5.583e-06
2300,5.918e-06
2400,6.556e-06
2500,6.104e-06
2600,6.19e-06
2700,6.559e-06
2800,6.179e-06
2900,6.395e-06
3000,6.159e-06
3100,7.261e-06
3200,7.157e-06
3300,7.758e-06
3400,6.986e-06
3500,7.232e-06
3600,6.62e-06
3700,7.342e-06
3800,7.803e-06
3900,7.883e-06
4000,7.603e-06
4100,7.858e-06
4200,8.706e-06
4300,8.259e-06
4400,8.664e-06
4500,8.876e-06
4600,9e-06
4700,8.344e-06
4800,9.131e-06
4900,8.484e-06
5000,1.0148e-05
5100,8.826e-06
5200,1.1242e-05
5300,9.598e-06
5400,9.322e-06
5500,1.3772e-05
5600,9.738e-06
5700,9.021e-06
5800,9.702e-06
5900,1.0219e-05
6000,1.0049e-05
6100,1.0288e-05
6200,7.906e-06
6300,8.353e-06
6400,6.779e-06
6500,1.0665e-05
6600,1.069e-05
6700,1.0043e-05
6800,1.0344e-05
6900,1.1116e-05
7000,1.0705e-05
7100,3.683e-05
7200,1.2388e-05
7300,1.4528e-05
7400,1.7747e-05
7500,1.2564e-05
7600,1.1963e-05
7700,1.2584e-05
7800,1.3491e-05
7900,1.7129e-05
8000,1.9369e-05
8100,1.3806e-05
8200,1.2509e-05
8300,1.0264e-05
8400,8.276e-06
8500,1.2228e-05
8600,1.2789e-05
8700,1.2794e-05
8800,1.2899e-05
8900,1.3406e-05
9000,1.4277e-05
9100,1.4428e-05
9200,1.5851e-05
9300,1.307e-05
9400,1.3771e-05
9500,1.3737e-05
9600,1.308e-05
9700,1.3973e-05
9800,2.0949e-05
9900,1.4123e-05
10000,1.4308e-05
10100,1.4509e-05
10200,1.5216e-05
10300,1.1351e-05
10400,1.5004e-05
10500,1.4754e-05
10600,1.7701e-05
10700,1.8142e-05
10800,1.5526e-05
10900,1.4579e-05
11000,1.738e-05
11100,1.536e-05
11200,1.5596e-05
11300,1.555e-05
11400,9.5004e-05
11500,1.5907e-05
11600,1.6498e-05
11700,1.7361e-05
11800,1.5616e-05
11900,1.6653e-05
12000,1.1076e-05
12100,7.936e-06
12200,1.7876e-05
12300,1.7004e-05
12400,1.6823e-05
12500,1.331e-05
12600,1.6815e-05
12700,1.1674e-05
12800,7.559e-06
12900,6.655e-06
13000,2.0793e-05
13100,1.7335e-05
13200,1.9044e-05
13300,2.1646e-05
13400,1.7114e-05
13500,1.8639e-05
13600,1.8854e-05
13700,2.0448e-05
13800,1.8853e-05
13900,1.3595e-05
14000,1.1409e-05
14100,1.3464e-05
14200,1.9571e-05
14300,1.8889e-05
14400,2.6627e-05
14500,1.8863e-05
14600,1.5436e-05
14700,1.9169e-05
14800,1.8723e-05
14900,1.967e-05
15000,2.0177e-05
15100,2.1504e-05
15200,2.0007e-05
15300,2.1525e-05
15400,2.0086e-05
15500,1.9736e-05
15600,1.4921e-05
15700,2.0738e-05
15800,1.2898e-05
15900,1.9545e-05
16000,2.3369e-05
16100,2.0401e-05
16200,2.1185e-05
16300,1.8182e-05
16400,2.147e-05
16500,2.2943e-05
16600,1.8935e-05
16700,2.1184e-05
16800,2.0919e-05
16900,2.0888e-05
17000,2.615e-05
17100,2.156e-05
17200,2.2342e-05
17300,9.2869e-05
17400,2.164e-05
17500,2.2442e-05
17600,2.4522e-05
17700,2.2006e-05
17800,2.3755e-05
17900,2.3459e-05
18000,2.402e-05
18100,2.3775e-05
18200,3.6419e-05
18300,2.3389e-05
18400,6.3357e-05
18500,2.2883e-05
18600,2.4958e-05
18700,2.2321e-05
18800,3.1222e-05
18900,2.35e-05
19000,3.3582e-05
19100,7.4432e-05
19200,2.6276e-05
19300,2.376e-05
19400,2.4431e-05
19500,3.1362e-05
19600,2.3935e-05
19700,2.4421e-05
19800,2.5068e-05
19900,2.7819e-05
20000,2.5008e-05
20100,2.5739e-05
20200,3.0615e-05
20300,3.2906e-05
20400,2.5669e-05
20500,2.6817e-05
20600,1.7958e-05
20700,0.000161779
20800,2.612e-05
20900,2.6662e-05
21000,1.6516e-05
21100,1.4931e-05
21200,1.4699e-05
21300,1.9356e-05
21400,2.6627e-05
21500,6.8705e-05
21600,3.5827e-05
21700,2.7193e-05
21800,1.9555e-05
21900,1.0342e-05
22000,1.4688e-05
22100,2.7678e-05
22200,1.1639e-05
22300,2.9098e-05
22400,2.7544e-05
22500,3.6655e-05
22600,2.8822e-05
22700,2.0075e-05
22800,2.1739e-05
22900,2.8295e-05
23000,2.9934e-05
23100,1.5658e-05
23200,3.7647e-05
23300,2.2557e-05
23400,2.9568e-05
23500,2.9603e-05
23600,2.9218e-05
23700,3.0059e-05
23800,2.8596e-05
23900,3.0336e-05
24000,4.1791e-05
24100,2.9849e-05
24200,3.0009e-05
24300,1.2031e-05
24400,3.5978e-05
24500,3.2329e-05
24600,2.9879e-05
24700,2.3682e-05
24800,3.1688e-05
24900,3.0946e-05
25000,1.1604e-05
25100,4.4283e-05
25200,3.1097e-05
25300,1.7337e-05
25400,3.1162e-05
25500,2.5399e-05
25600,3.1953e-05
25700,3.0457e-05
25800,4.3711e-05
25900,3.3222e-05
26000,3.2345e-05
26100,3.2916e-05
26200,2.2197e-05
26300,3.0376e-05
26400,3.1753e-05
26500,2.1329e-05
26600,2.1978e-05
26700,1.6082e-05
26800,3.3096e-05
26900,3.2671e-05
27000,1.7049e-05
27100,3.1603e-05
27200,2.663e-05
27300,3.2359e-05
27400,1.1696e-05
27500,1.3794e-05
27600,3.3617e-05
27700,3.5065e-05
27800,1.3977e-05
27900,3.4655e-05
28000,3.7517e-05
28100,3.4845e-05
28200,3.5117e-05
28300,3.5622e-05
28400,2.5879e-05
28500,3.5186e-05
28600,2.8662e-05
28700,1.7957e-05
28800,3.978e-05
28900,3.5346e-05
29000,2.8366e-05
29100,3.7262e-05
29200,3.7988e-05
29300,3.5001e-05
29400,3.5347e-05
29500,3.6023e-05
29600,2.7719e-05
29700,3.7176e-05
29800,4.5024e-05
29900,3.6545e-05
30000,4.7454e-05
