100,1.854e-06
200,1.719e-06
300,3.528e-06
400,1.964e-06
500,3.293e-06
600,3.553e-06
700,4.897e-06
800,3.669e-06
900,3.873e-06
1000,8.194e-06
1100,4.135e-06
1200,1.4954e-05
1300,3.96e-06
1400,4.099e-06
1500,7.733e-06
1600,2.0172e-05
1700,4.43e-06
1800,3.8198e-05
1900,4.576e-06
2000,5.067e-06
2100,5.242e-06
2200,4.781e-06
2300,4.966e-06
2400,4.365e-06
2500,4.997e-06
2600,5.398e-06
2700,4.976e-06
2800,5.809e-06
2900,7.598e-06
3000,6.796e-06
3100,5.803e-06
3200,5.498e-06
3300,6.435e-06
3400,7.231e-06
3500,7.151e-06
3600,6.505e-06
3700,6.51e-06
3800,6.384e-06
3900,7.408e-06
4000,7.136e-06
4100,6.66e-06
4200,6.655e-06
4300,7.491e-06
4400,7.397e-06
4500,8.159e-06
4600,7.673e-06
4700,8.745e-06
4800,7.373e-06
4900,7.116e-06
5000,1.7295e-05
5100,9.763e-06
5200,8.53e-06
5300,8.174e-06
5400,9.202e-06
5500,7.329e-06
5600,9.773e-06
5700,9.101e-06
5800,9.252e-06
5900,8.855e-06
6000,1.0454e-05
6100,9.307e-06
6200,3.8575e-05
6300,9.877e-06
6400,9.362e-06
6500,9.918e-06
6600,1.6798e-05
6700,8.275e-06
6800,6.362e-06
6900,5.397e-06
7000,4.983e-06
7100,4.939e-06
7200,4.722e-06
7300,3.997e-06
7400,4.238e-06
7500,3.991e-06
7600,3.706e-06
7700,1.4443e-05
7800,1.0985e-05
7900,1.1316e-05
8000,9.509e-06
8100,6.645e-06
8200,6.59e-06
8300,5.159e-06
8400,4.97e-06
8500,1.1607e-05
8600,1.2244e-05
8700,1.2243e-05
8800,9.125e-06
8900,7.881e-06
9000,7.031e-06
9100,5.195e-06
9200,5.485e-06
9300,4.93e-06
9400,1.1622e-05
9500,1.2825e-05
9600,1.2223e-05
9700,1.3998e-05
9800,1.2244e-05
9900,4.3566e-05
10000,2.0833e-05
10100,1.4228e-05
10200,1.6388e-05
10300,1.3151e-05
10400,1.4668e-05
10500,9.696e-06
10600,7.19e-06
10700,1.4413e-05
10800,1.3903e-05
10900,1.4443e-05
11000,1.4032e-05
11100,1.2171e-05
11200,7.351e-06
11300,1.506e-05
11400,1.4258e-05
11500,8.164e-06
11600,7.117e-06
11700,5.478e-06
11800,4.993e-06
11900,4.721e-06
12000,1.3801e-05
12100,3.404e-06
12200,4.439e-06
12300,1.5747e-05
12400,1.5135e-05
12500,2.3063e-05
12600,9.929e-06
12700,1.2008e-05
12800,1.6012e-05
12900,1.6132e-05
13000,2.4561e-05
13100,8.924e-06
13200,1.7159e-05
13300,1.2734e-05
13400,7.854e-06
13500,1.6503e-05
13600,1.5424e-05
13700,7.876e-06
13800,6.62e-06
13900,5.628e-06
14000,1.1802e-05
14100,8.495e-06
14200,6.772e-06
14300,5.944e-06
14400,4.029e-06
14500,3.729e-06
14600,4.076e-06
14700,1.3357e-05
14800,1.8061e-05
14900,1.0447e-05
15000,1.7902e-05
15100,1.8623e-05
15200,2.5108e-05
15300,2.4462e-05
15400,2.7594e-05
15500,1.8158e-05
15600,1.3642e-05
15700,1.2799e-05
15800,7.915e-06
15900,6.088e-06
16000,1.9666e-05
16100,2.143e-05
16200,2.0442e-05
16300,2.1159e-05
16400,2.8265e-05
16500,2.2001e-05
16600,2.2546e-05
16700,1.947e-05
16800,2.1915e-05
16900,2.4957e-05
17000,4.3701e-05
17100,2.2226e-05
17200,2.1931e-05
17300,2.1921e-05
17400,2.2276e-05
17500,1.5567e-05
17600,2.2833e-05
17700,1.5118e-05
17800,2.2593e-05
17900,2.8876e-05
18000,1.7264e-05
18100,0.000200437
18200,1.5345e-05
18300,1.5236e-05
18400,2.3925e-05
18500,2.0007e-05
18600,4.6363e-05
18700,1.7192e-05
18800,2.5042e-05
18900,9.718e-06
19000,2.339e-05
19100,2.3555e-05
19200,1.1286e-05
19300,8.258e-06
19400,2.3709e-05
19500,2.2823e-05
19600,1.7948e-05
19700,2.4427e-05
19800,2.5539e-05
19900,1.7059e-05
20000,2.4637e-05
20100,2.6335e-05
20200,2.3274e-05
20300,2.6105e-05
20400,4.9291e-05
20500,1.6869e-05
20600,2.6802e-05
20700,2.5423e-05
20800,1.6621e-05
20900,2.8812e-05
21000,1.1917e-05
21100,2.3521e-05
21200,2.6601e-05
21300,2.4924e-05
21400,2.5419e-05
21500,2.6522e-05
21600,3.7928e-05
21700,3.02e-05
21800,2.6957e-05
21900,2.9613e-05
22000,1.8496e-05
22100,2.5905e-05
22200,5.0787e-05
22300,1.8943e-05
22400,8.555e-06
22500,2.8385e-05
22600,2.5704e-05
22700,2.8115e-05
22800,1.1555e-05
22900,2.2587e-05
23000,2.6902e-05
23100,1.1591e-05
23200,7.269e-06
23300,5.7522e-05
23400,2.2636e-05
23500,2.4144e-05
23600,2.7529e-05
23700,2.8054e-05
23800,2.7328e-05
23900,4.2182e-05
24000,2.9864e-05
24100,2.9242e-05
24200,1.2189e-05
24300,3.4811e-05
24400,3.232e-05
24500,2.1507e-05
24600,3.2725e-05
24700,2.6753e-05
24800,3.2359e-05
24900,2.8425e-05
25000,1.1126e-05
25100,3.0867e-05
25200,1.4889e-05
25300,3.4966e-05
25400,1.0421e-05
25500,3.0119e-05
25600,1.5997e-05
25700,3.22e-05
25800,4.1917e-05
25900,3.1538e-05
26000,3.5066e-05
26100,6.2119e-05
26200,3.5322e-05
26300,3.2049e-05
26400,3.1914e-05
26500,3.1518e-05
26600,3.3012e-05
26700,3.4875e-05
26800,3.2505e-05
26900,3.4259e-05
27000,4.2814e-05
27100,3.2691e-05
27200,1.7839e-05
27300,7.975e-06
27400,2.5116e-05
27500,2.5164e-05
27600,8.825e-06
27700,1.8688e-05
27800,3.442e-05
27900,1.2965e-05
28000,1.6716e-05
28100,4.6392e-05
28200,1.6748e-05
28300,3.3908e-05
28400,3.4004e-05
28500,1.8883e-05
28600,1.6761e-05
28700,2.2414e-05
28800,1.9771e-05
28900,3.5778e-05
29000,3.3508e-05
29100,3.9411e-05
29200,1.637e-05
29300,2.5877e-05
29400,1.1425e-05
29500,2.5387e-05
29600,3.6098e-05
29700,2.3188e-05
29800,8.121e-06
29900,3.5121e-05
30000,3.8689e-05
30100,9.731e-06
30200,1.7078e-05
30300,1.4121e-05
30400,3.5707e-05
30500,3.5567e-05
30600,1.2012e-05
30700,2.8369e-05
30800,3.7537e-05
30900,1.5623e-05
31000,8.98e-06
31100,9.301e-06
31200,3.5847e-05
31300,3.6509e-05
31400,3.7606e-05
31500,8.8294e-05
31600,3.8629e-05
31700,9.585e-06
31800,1.6477e-05
31900,3.5254e-05
32000,3.8283e-05
32100,1.6877e-05
32200,2.059e-05
32300,1.7268e-05
32400,5.1403e-05
32500,5.0151e-05
32600,3.0775e-05
32700,3.1281e-05
32800,2.2109e-05
32900,3.892e-05
33000,1.2402e-05
33100,3.9045e-05
33200,1.2273e-05
33300,9.87e-06
33400,2.6247e-05
33500,2.6207e-05
33600,1.295e-05
33700,2.6958e-05
33800,1.5426e-05
33900,9.76e-06
34000,1.7707e-05
34100,2.2424e-05
34200,4.1887e-05
34300,1.9245e-05
34400,1.0002e-05
34500,4.2488e-05
34600,4.0919e-05
34700,1.0182e-05
34800,1.819e-05
34900,3.3959e-05
35000,1.0704e-05
35100,4.1456e-05
35200,4.2247e-05
35300,1.0775e-05
35400,1.3587e-05
35500,3.1611e-05
35600,4.4187e-05
35700,4.3411e-05
35800,2.4213e-05
35900,1.0174e-05
36000,1.0713e-05
36100,6.3813e-05
36200,3.1082e-05
36300,1.0865e-05
36400,6.7421e-05
36500,4.337e-05
36600,1.4631e-05
36700,2.4446e-05
36800,1.0858e-05
36900,1.5904e-05
37000,4.6623e-05
37100,4.4403e-05
37200,4.598e-05
37300,3.1617e-05
37400,4.3992e-05
37500,1.6964e-05
37600,6.5236e-05
37700,7.0328e-05
37800,1.6906e-05
37900,1.1024e-05
38000,1.0882e-05
38100,6.3596e-05
38200,1.9261e-05
38300,1.0854e-05
38400,1.1057e-05
38500,2.4929e-05
38600,0.000108797
38700,1.5345e-05
38800,2.8546e-05
38900,6.2124e-05
39000,1.7585e-05
