100,2.9107e-05
200,6.375e-06
300,7.723e-06
400,1.8318e-05
500,1.2328e-05
600,1.4107e-05
700,1.6057e-05
800,2.6852e-05
900,6.739e-05
1000,2.5053e-05
1100,2.8686e-05
1200,2.8466e-05
1300,3.1302e-05
1400,3.5201e-05
1500,3.4751e-05
1600,3.7046e-05
1700,4.0077e-05
1800,4.1632e-05
1900,4.4914e-05
2000,4.5521e-05
2100,4.9815e-05
2200,0.000163187
2300,5.5288e-05
2400,5.4501e-05
2500,6.734e-05
2600,0.000101044
2700,6.2976e-05
2800,0.000107783
2900,6.6905e-05
3000,8.0221e-05
3100,7.0578e-05
3200,0.000154346
3300,8.0892e-05
3400,7.7916e-05
3500,9.2859e-05
3600,0.00011897
3700,8.3563e-05
3800,8.4996e-05
3900,9.0294e-05
4000,0.000111337
4100,9.1582e-05
4200,9.4178e-05
4300,9.5847e-05
4400,0.00423301
4500,0.000144313
4600,0.000102573
4700,0.000134301
4800,0.000142946
4900,0.000109588
5000,0.000159524
5100,0.000178072
5200,0.000151675
5300,0.000141316
5400,0.000120975
5500,0.000134085
5600,0.000123485
5700,0.000126307
5800,0.000128707
5900,0.000129489
6000,0.000131649
6100,0.00018817
6200,0.000136621
6300,0.00013873
6400,0.000175561
6500,0.000145907
6600,0.000161197
6700,0.000202713
6800,0.000180557
6900,0.000153324
7000,0.000185098
7100,0.000174138
7200,0.000188626
7300,0.000158992
7400,0.000209659
7500,0.000197957
7600,0.000255185
7700,0.000182191
7800,0.000175144
7900,0.00017298
8000,0.000175275
8100,0.000189417
8200,0.000178883
8300,0.000273191
8400,0.000184737
8500,0.000263158
8600,0.000199215
8700,0.000188881
8800,0.000280082
8900,0.000191788
9000,0.000193939
9100,0.000240551
9200,0.000224564
9300,0.000200694
9400,0.000202408
9500,0.000231269
9600,0.00434747
9700,0.000209288
9800,0.000210332
9900,0.000252232
10000,0.000219317
10100,0.000257751
10200,0.002115
10300,0.000223471
10400,0.000359065
10500,0.000256422
10600,0.000229825
10700,0.000323748
10800,0.000234667
10900,0.000261514
11000,0.000267733
11100,0.000266627
11200,0.000254432
11300,0.00024201
11400,0.000275211
11500,0.000247842
11600,0.000250704
11700,0.000295473
11800,0.00031138
11900,0.000260237
12000,0.000261114
12100,0.000297412
12200,0.000338151
12300,0.000899277
12400,0.00026851
12500,0.000295212
12600,0.000378339
12700,0.000315028
12800,0.000384954
12900,0.00748733
13000,0.000343714
13100,0.000407235
13200,0.000301818
13300,0.000339334
13400,0.000354399
13500,0.000314713
13600,0.000291895
13700,0.000344185
13800,0.000297537
13900,0.000298555
14000,0.000331526
14100,0.00442702
14200,0.000351126
14300,0.000366577
14400,0.000338847
14500,0.000339701
14600,0.00290108
14700,0.000344045
14800,0.000363059
14900,0.00880346
15000,0.000354394
15100,0.00491397
15200,0.000422331
15300,0.000371593
15400,0.000331511
15500,0.000358875
15600,0.010612
15700,0.00195508
15800,0.000395253
15900,0.000449097
16000,0.00044796
16100,0.000378119
16200,0.000397609
16300,0.000501879
16400,0.000377974
16500,0.000400896
16600,0.000409651
16700,0.000397583
16800,0.000489701
16900,0.000425738
17000,0.000459933
17100,0.000394677
17200,0.000425197
17300,0.000493831
17400,0.000406579
17500,0.000456469
17600,0.000465135
17700,0.000447619
17800,0.000508982
17900,0.000456034
18000,0.000483212
18100,0.000453297
18200,0.000532005
18300,0.000515932
18400,0.000801186
18500,0.000466693
18600,0.000463346
18700,0.000535191
18800,0.000474471
18900,0.000470688
19000,0.000482971
19100,0.000515802
19200,0.000479217
19300,0.000492874
19400,0.0080223
19500,0.000496969
19600,0.000517505
19700,0.00457456
19800,0.000492193
19900,0.000510534
20000,0.000508741
20100,0.000665859
20200,0.000603935
20300,0.000508309
20400,0.00051235
20500,0.00276127
20600,0.000521144
20700,0.00057978
20800,0.00059268
20900,0.00057768
21000,0.00057572
21100,0.000823473
21200,0.000575696
21300,0.000542568
21400,0.000914071
21500,0.000547004
21600,0.000559322
21700,0.000617141
21800,0.000572988
21900,0.00890935
22000,0.00058653
22100,0.000551955
22200,0.000568975
22300,0.000734372
22400,0.00673108
22500,0.000599395
22600,0.000583148
22700,0.000713814
22800,0.000580632
22900,0.0106249
23000,0.000691273
23100,0.000796385
23200,0.000688676
23300,0.000621942
23400,0.000657975
23500,0.000612856
23600,0.000614119
23700,0.00467473
23800,0.000714295
23900,0.000615768
24000,0.000663713
24100,0.000662005
24200,0.000712315
24300,0.000630467
24400,0.0143163
24500,0.000684175
24600,0.000757931
24700,0.000757902
24800,0.00075042
24900,0.000680703
25000,0.00517996
25100,0.00104748
25200,0.000659979
25300,0.000647851
25400,0.000730563
25500,0.000723527
25600,0.000671577
25700,0.000719477
25800,0.00941787
25900,0.0065718
26000,0.000687334
26100,0.000685654
26200,0.000673055
26300,0.000905553
26400,0.000706597
26500,0.000690846
26600,0.000725386
26700,0.000684231
26800,0.000713499
26900,0.000697125
27000,0.00107319
27100,0.00885135
27200,0.000750404
27300,0.00274223
27400,0.000730343
27500,0.0143401
27600,0.00923672
27700,0.000723317
27800,0.0134247
27900,0.00887964
28000,0.000875688
28100,0.00075926
28200,0.00800839
28300,0.00080054
28400,0.00384337
28500,0.000778744
28600,0.00897238
28700,0.00077883
28800,0.000760878
28900,0.000777015
29000,0.000815975
29100,0.000795573
29200,0.0011308
29300,0.000788518
29400,0.000804874
29500,0.0008244
29600,0.000916873
29700,0.000850505
29800,0.00362074
29900,0.0110863
30000,0.000818345
30100,0.000802734
30200,0.00793465
30300,0.00637447
30400,0.00489843
30500,0.000810563
30600,0.000849854
30700,0.000827897
30800,0.00851335
30900,0.0079549
31000,0.0079691
31100,0.00127864
31200,0.00555189
31300,0.000874325
31400,0.0067476
31500,0.000839821
31600,0.000870055
31700,0.00749664
31800,0.00521379
31900,0.000966088
32000,0.00684454
32100,0.000874059
32200,0.00227121
32300,0.000937396
32400,0.00806279
32500,0.00332912
32600,0.000987868
32700,0.000921814
32800,0.000899804
32900,0.00715506
33000,0.000932805
33100,0.00090644
33200,0.000912208
33300,0.0050212
33400,0.00933283
33500,0.000919464
33600,0.00938921
33700,0.000821779
33800,0.00107254
33900,0.0058426
34000,0.000927262
34100,0.00100644
34200,0.00838471
34300,0.0132425
34400,0.00711763
34500,0.00530776
34600,0.00093919
34700,0.00621265
34800,0.011436
34900,0.00100893
35000,0.00100568
35100,0.0058131
35200,0.000951568
35300,0.00133858
35400,0.00105049
35500,0.00340953
35600,0.000968368
35700,0.000963927
35800,0.00096349
35900,0.00516474
36000,0.000996658
36100,0.00110211
36200,0.000934334
36300,0.00161544
36400,0.00100864
36500,0.00101689
36600,0.00466284
36700,0.000998381
36800,0.00134919
36900,0.00102923
37000,0.000997565
37100,0.000984881
37200,0.00765717
37300,0.0010009
37400,0.00142891
37500,0.00103958
37600,0.00100662
37700,0.00148198
37800,0.00118542
37900,0.0014907
38000,0.00106705
38100,0.013024
38200,0.0038443
38300,0.00610274
38400,0.00544373
38500,0.00103566
38600,0.00104001
38700,0.00109179
38800,0.00102458
38900,0.0109391
39000,0.00576189
39100,0.0332171
39200,0.00108545
39300,0.0010933
39400,0.0010811
39500,0.00107706
39600,0.00108454
39700,0.00112573
39800,0.00120439
39900,0.00245852
40000,0.001107
40100,0.00122373
40200,0.00268723
40300,0.00114676
40400,0.00106872
40500,0.00110464
40600,0.00140678
40700,0.00526253
40800,0.00121708
40900,0.00115084
41000,0.00111853
41100,0.00518259
41200,0.00109349
41300,0.00111959
41400,0.0012638
41500,0.00108598
41600,0.00112546
41700,0.00114228
41800,0.00678224
41900,0.0011009
42000,0.00781495
42100,0.00127368
42200,0.00109859
42300,0.0011508
42400,0.00117275
42500,0.00113539
42600,0.00519267
42700,0.00627519
42800,0.00393598
42900,0.00356778
43000,0.00186273
43100,0.00130576
43200,0.00118981
43300,0.00116238
43400,0.0088157
43500,0.00344316
43600,0.00118619
43700,0.00132883
43800,0.00376922
43900,0.00118874
44000,0.00397298
44100,0.0057384
44200,0.00115515
44300,0.0011742
44400,0.00118184
44500,0.00536668
44600,0.00582294
44700,0.00125824
44800,0.00244801
44900,0.00123171
45000,0.00138553
45100,0.0012851
45200,0.00330052
45300,0.00118601
45400,0.00135403
45500,0.00208903
45600,0.0012001
45700,0.00135689
45800,0.00121279
45900,0.00118765
46000,0.00262619
46100,0.00124811
46200,0.00929499
46300,0.00606138
46400,0.00127772
46500,0.00896957
46600,0.00561969
46700,0.00136385
46800,0.00126528
46900,0.00122199
47000,0.00125418
47100,0.00126027
47200,0.00130966
47300,0.00125145
47400,0.00129986
47500,0.00130406
47600,0.00129676
47700,0.00129393
47800,0.00932275
47900,0.00125185
48000,0.00421132
48100,0.0013497
48200,0.00134387
48300,0.00130104
48400,0.00127024
48500,0.00131688
48600,0.00143728
48700,0.00132404
48800,0.0013744
48900,0.00129653
49000,0.0053262
49100,0.00138883
49200,0.00690068
49300,0.00129735
49400,0.00134003
49500,0.00131673
49600,0.00133938
49700,0.00448525
49800,0.00135526
49900,0.00140145
50000,0.00140899
