100,2.8496e-05
200,6.149e-06
300,7.733e-06
400,7.104e-05
500,1.2554e-05
600,1.3786e-05
700,1.6248e-05
800,1.8252e-05
900,2.0347e-05
1000,2.2437e-05
1100,2.4276e-05
1200,2.805e-05
1300,2.8356e-05
1400,3.0425e-05
1500,3.2726e-05
1600,7.1074e-05
1700,3.66e-05
1800,3.9156e-05
1900,4.0764e-05
2000,5.3759e-05
2100,5.1433e-05
2200,4.977e-05
2300,9.2959e-05
2400,5.3929e-05
2500,6.7446e-05
2600,5.8164e-05
2700,5.9593e-05
2800,6.2445e-05
2900,6.694e-05
3000,8.3553e-05
3100,6.9175e-05
3200,7.1645e-05
3300,7.5224e-05
3400,7.6813e-05
3500,8.5954e-05
3600,8.1073e-05
3700,8.038e-05
3800,8.4931e-05
3900,8.5553e-05
4000,0.000104522
4100,9.2198e-05
4200,9.4489e-05
4300,9.3321e-05
4400,0.000102984
4500,0.00011697
4600,0.000103399
4700,0.00010418
4800,0.000106636
4900,0.000108491
5000,0.000120303
5100,0.000117777
5200,0.000119822
5300,0.000122878
5400,0.000119617
5500,0.00013179
5600,0.000245908
5700,0.000125565
5800,0.000171953
5900,0.000133489
6000,0.000133108
6100,0.000146343
6200,0.000135563
6300,0.000174473
6400,0.000230748
6500,0.000144529
6600,0.000200097
6700,0.000261229
6800,0.000153084
6900,0.000155219
7000,0.000154547
7100,0.000224954
7200,0.00021222
7300,0.000172529
7400,0.000167938
7500,0.000220484
7600,0.000209314
7700,0.000195642
7800,0.000177275
7900,0.00017276
8000,0.000174287
8100,0.000210767
8200,0.000178503
8300,0.000181209
8400,0.000183789
8500,0.00021648
8600,0.0002033
8700,0.000187929
8800,0.000191743
8900,0.000196905
9000,0.00021015
9100,0.000232352
9200,0.000203079
9300,0.000200799
9400,0.00020339
9500,0.00612416
9600,0.000257986
9700,0.000209469
9800,0.000212496
9900,0.000214606
10000,0.000214541
10100,0.000233019
10200,0.000271281
10300,0.000313639
10400,0.00025753
10500,0.00443807
10600,0.000234327
10700,0.000317774
10800,0.000409472
10900,0.000271116
11000,0.000236642
11100,0.000271883
11200,0.00032913
11300,0.000275621
11400,0.000283059
11500,0.000282222
11600,0.000249497
11700,0.000278659
11800,0.000254523
11900,0.000308854
12000,0.00029424
12100,0.000296018
12200,0.00027679
12300,0.000777281
12400,0.000299602
12500,0.000273823
12600,0.000271442
12700,0.00032485
12800,0.000303161
12900,0.000286276
13000,0.000315483
13100,0.000315148
13200,0.00049945
13300,0.000290005
13400,0.000338121
13500,0.000289509
13600,0.000348932
13700,0.000308568
13800,0.000358698
13900,0.000301411
14000,0.000336187
14100,0.000368562
14200,0.000356378
14300,0.00681218
14400,0.000374536
14500,0.000310663
14600,0.000354674
14700,0.000595566
14800,0.000375773
14900,0.000370416
15000,0.00296059
15100,0.00497252
15200,0.000327697
15300,0.000381988
15400,0.000382052
15500,0.00033116
15600,0.000374481
15700,0.000417635
15800,0.000403938
15900,0.000509251
16000,0.00988178
16100,0.00847981
16200,0.000381567
16300,0.000400375
16400,0.000423348
16500,0.000390332
16600,0.000847704
16700,0.000393113
16800,0.000440082
16900,0.000669001
17000,0.000436783
17100,0.000471425
17200,0.00040228
17300,0.000469395
17400,0.000468633
17500,0.000450672
17600,0.000456565
17700,0.00809822
17800,0.000513802
17900,0.000463134
18000,0.000492273
18100,0.000464829
18200,0.00045855
18300,0.000458033
18400,0.000475785
18500,0.000501453
18600,0.000472016
18700,0.000495204
18800,0.000472207
18900,0.0100715
19000,0.000584766
19100,0.000477163
19200,0.000486248
19300,0.000536299
19400,0.007429
19500,0.00119428
19600,0.000493265
19700,0.00048051
19800,0.000511261
19900,0.000503157
20000,0.000498417
20100,0.000511582
20200,0.000679841
20300,0.000504271
20400,0.000844086
20500,0.000630086
20600,0.000519801
20700,0.000531378
20800,0.000722971
20900,0.000611888
21000,0.00056912
21100,0.000527118
21200,0.000548909
21300,0.000680557
21400,0.00622898
21500,0.000633419
21600,0.000920627
21700,0.000558055
21800,0.000624769
21900,0.000573335
22000,0.000563371
22100,0.000571821
22200,0.000568448
22300,0.000558401
22400,0.000562921
22500,0.000610852
22600,0.0123666
22700,0.000589692
22800,0.000586745
22900,0.000783039
23000,0.00807863
23100,0.000596588
23200,0.000951648
23300,0.000600016
23400,0.000719478
23500,0.00101435
23600,0.000645486
23700,0.000616114
23800,0.000619166
23900,0.00060354
24000,0.000660872
24100,0.000690966
24200,0.007348
24300,0.000694475
24400,0.000624342
24500,0.0129314
24600,0.000655981
24700,0.0100803
24800,0.00067735
24900,0.00907036
25000,0.000671496
25100,0.00487904
25200,0.000716385
25300,0.00629543
25400,0.00066228
25500,0.000689068
25600,0.000704462
25700,0.000665924
25800,0.00483814
25900,0.0133149
26000,0.000680618
26100,0.000685904
26200,0.00106132
26300,0.00484362
26400,0.0064033
26500,0.00074871
26600,0.000729305
26700,0.000689533
26800,0.000755009
26900,0.000711901
27000,0.0014112
27100,0.00107916
27200,0.000792115
27300,0.000723727
27400,0.000771186
27500,0.000742892
27600,0.013159
27700,0.000743959
27800,0.000750704
27900,0.00894991
28000,0.00884674
28100,0.0092366
28200,0.0105375
28300,0.000793653
28400,0.000740255
28500,0.000797041
28600,0.0129113
28700,0.00714289
28800,0.0046552
28900,0.00493897
29000,0.00085439
29100,0.000804269
29200,0.0123095
29300,0.000810082
29400,0.000799622
29500,0.0013125
29600,0.0011544
29700,0.00715734
29800,0.00081605
29900,0.000851874
30000,0.00842691
30100,0.00899806
30200,0.00900124
30300,0.0125078
30400,0.000827667
30500,0.00829767
30600,0.000837481
30700,0.00465498
30800,0.00902362
30900,0.000836988
31000,0.00123366
31100,0.012774
31200,0.00933175
31300,0.00732354
31400,0.00127827
31500,0.0210127
31600,0.00096521
31700,0.00680153
31800,0.000840352
31900,0.00142837
32000,0.0048227
32100,0.00899082
32200,0.000919019
32300,0.000896366
32400,0.000951428
32500,0.00600213
32600,0.00588936
32700,0.0166632
32800,0.00113309
32900,0.0011338
33000,0.00647244
33100,0.0089591
33200,0.000914914
33300,0.000891876
33400,0.00660043
33500,0.000905221
33600,0.000899183
33700,0.000900911
33800,0.000970367
33900,0.0044767
34000,0.000986183
34100,0.00706035
34200,0.0126781
34300,0.000924125
34400,0.00110067
34500,0.000959692
34600,0.00093931
34700,0.000934695
34800,0.000928249
34900,0.00902857
35000,0.000960489
35100,0.00701222
35200,0.00728991
35300,0.000954561
35400,0.00914658
35500,0.00107198
35600,0.00102898
35700,0.000983919
35800,0.00098461
35900,0.00102509
36000,0.000955532
36100,0.00106611
36200,0.0053691
36300,0.00136877
36400,0.00106947
36500,0.00099322
36600,0.000980094
36700,0.00480817
36800,0.0010216
36900,0.00104948
37000,0.00134443
37100,0.00104297
37200,0.000998042
37300,0.00107828
37400,0.0206185
37500,0.00122359
37600,0.00105397
37700,0.00104787
37800,0.00108492
37900,0.0078943
38000,0.00751464
38100,0.00701794
38200,0.00261512
38300,0.00301536
38400,0.00114384
38500,0.00568716
38600,0.00112187
38700,0.00547462
38800,0.00149945
38900,0.00101672
39000,0.00222858
39100,0.0010468
39200,0.00105122
39300,0.00104309
39400,0.00107639
39500,0.00105188
39600,0.00914416
39700,0.00147152
39800,0.001057
39900,0.00313445
40000,0.00111397
40100,0.00916673
40200,0.0011851
40300,0.00113214
40400,0.00933238
40500,0.0011405
40600,0.00946651
40700,0.00933144
40800,0.00705088
40900,0.00946184
41000,0.00121843
41100,0.00111971
41200,0.0131659
41300,0.0011049
41400,0.00109179
41500,0.00114832
41600,0.00520004
41700,0.00749378
41800,0.0011318
41900,0.00486698
42000,0.00114849
42100,0.00204013
42200,0.00124656
42300,0.00220374
42400,0.00239131
42500,0.00222143
42600,0.0083814
42700,0.00953672
42800,0.00115188
42900,0.00235391
43000,0.00117182
43100,0.00208382
43200,0.00118237
43300,0.00117454
43400,0.00113596
43500,0.0011145
43600,0.00121866
43700,0.00532518
43800,0.00127145
43900,0.00371853
44000,0.00121294
44100,0.00123984
44200,0.00961962
44300,0.00120744
44400,0.00795322
44500,0.00129076
44600,0.00710026
44700,0.00119261
44800,0.00121205
44900,0.00120002
45000,0.00132222
45100,0.00123426
45200,0.00124642
45300,0.001196
45400,0.00443646
45500,0.00151511
45600,0.00127973
45700,0.00333545
45800,0.00125403
45900,0.00124839
46000,0.00125435
46100,0.00445354
46200,0.00120824
46300,0.00942952
46400,0.00124234
46500,0.00269525
46600,0.00135186
46700,0.0122179
46800,0.00122722
46900,0.00210799
47000,0.0104167
47100,0.00419561
47200,0.00701497
47300,0.00145452
47400,0.00164597
47500,0.00545574
47600,0.00153033
47700,0.00394265
47800,0.0015812
47900,0.0138527
48000,0.00126107
48100,0.00146713
48200,0.00135173
48300,0.00130591
48400,0.00151401
48500,0.00380144
48600,0.0027557
48700,0.00142606
48800,0.00128573
48900,0.00145692
49000,0.0053882
49100,0.00328222
49200,0.00138205
49300,0.00141918
49400,0.0061118
49500,0.0013352
49600,0.00130449
49700,0.00612219
49800,0.00397018
49900,0.00543228
50000,0.00132856
