100,3.1252e-05
200,1.0841e-05
300,1.2053e-05
400,3.2666e-05
500,2.0007e-05
600,1.4373e-05
700,1.5967e-05
800,1.8232e-05
900,2.0237e-05
1000,2.2267e-05
1100,2.4282e-05
1200,5.6982e-05
1300,2.8406e-05
1400,3.03e-05
1500,3.3888e-05
1600,3.429e-05
1700,3.8198e-05
1800,3.8504e-05
1900,4.1917e-05
2000,4.3009e-05
2100,4.9915e-05
2200,8.3964e-05
2300,8.4982e-05
2400,5.3228e-05
2500,6.5151e-05
2600,5.7543e-05
2700,5.9833e-05
2800,6.2074e-05
2900,0.000129524
3000,0.000113562
3100,6.9431e-05
3200,0.000142194
3300,7.4743e-05
3400,7.6241e-05
3500,8.8836e-05
3600,0.000111588
3700,8.249e-05
3800,8.9346e-05
3900,8.6725e-05
4000,0.000130778
4100,0.000101124
4200,9.2725e-05
4300,9.4483e-05
4400,9.7702e-05
4500,0.000113652
4600,0.00010202
4700,0.000104687
4800,0.000130706
4900,0.000107463
5000,0.000124057
5100,0.000185383
5200,0.000120118
5300,0.000149261
5400,0.000120384
5500,0.000133814
5600,0.000148804
5700,0.00012965
5800,0.000126763
5900,0.000129098
6000,0.000156141
6100,0.000177856
6200,0.000135518
6300,0.000136947
6400,0.000139077
6500,0.000172719
6600,0.000155379
6700,0.00014527
6800,0.00819168
6900,0.000150568
7000,0.000152628
7100,0.000219216
7200,0.000156497
7300,0.000166991
7400,0.000170159
7500,0.000165814
7600,0.000211142
7700,0.000174052
7800,0.000177389
7900,0.000207755
8000,0.000174839
8100,0.0002274
8200,0.000462743
8300,0.000186406
8400,0.000230247
8500,0.00169307
8600,0.000230152
8700,0.000200233
8800,0.000296325
8900,0.000194865
9000,0.000196254
9100,0.000245322
9200,0.000200078
9300,0.000314883
9400,0.000205184
9500,0.000207048
9600,0.000388804
9700,0.000243056
9800,0.000211965
9900,0.000212952
10000,0.00138155
10100,0.000233164
10200,0.000218545
10300,0.000254964
10400,0.000288095
10500,0.000258563
10600,0.000262332
10700,0.000247011
10800,0.000265899
10900,0.000234191
11000,0.000273312
11100,0.000373367
11200,0.000318696
11300,0.000381276
11400,0.000244349
11500,0.000367709
11600,0.000247596
11700,0.000309735
11800,0.00028981
11900,0.00839665
12000,0.000261259
12100,0.000319448
12200,0.00032017
12300,0.000306658
12400,0.000267548
12500,0.000326149
12600,0.000295487
12700,0.0108632
12800,0.000316336
12900,0.000274479
13000,0.000312041
13100,0.000410634
13200,0.000335349
13300,0.000286457
13400,0.00028573
13500,0.000293638
13600,0.000290761
13700,0.000308417
13800,0.000437114
13900,0.00441852
14000,0.00045259
14100,0.000386669
14200,0.00048066
14300,0.000337114
14400,0.00035492
14500,0.00191125
14600,0.000320275
14700,0.000518944
14800,0.000386864
14900,0.000347543
15000,0.000397238
15100,0.000329752
15200,0.000358223
15300,0.000360518
15400,0.000360739
15500,0.000715573
15600,0.000334819
15700,0.000366066
15800,0.000496392
15900,0.000373478
16000,0.000373493
16100,0.000422972
16200,0.000400946
16300,0.00853466
16400,0.0003957
16500,0.000430139
16600,0.000355045
16700,0.000362016
16800,0.000450621
16900,0.000480295
17000,0.000432345
17100,0.000434413
17200,0.000388813
17300,0.00048477
17400,0.000424005
17500,0.000461526
17600,0.00045607
17700,0.000441255
17800,0.00957367
17900,0.00179686
18000,0.000476577
18100,0.000477223
18200,0.000476782
18300,0.000464188
18400,0.000479498
18500,0.000502862
18600,0.000476821
18700,0.000515546
18800,0.00812526
18900,0.000516849
19000,0.00782814
19100,0.000714656
19200,0.000535923
19300,0.000475473
19400,0.000496938
19500,0.000522858
19600,0.000602251
19700,0.000538303
19800,0.000570097
19900,0.0101589
20000,0.000508941
20100,0.000564695
20200,0.000516699
20300,0.000537632
20400,0.00796342
20500,0.000524026
20600,0.000521024
20700,0.000607017
20800,0.000521088
20900,0.000579865
21000,0.00315083
21100,0.000539537
21200,0.000561622
21300,0.000676188
21400,0.000554556
21500,0.000646373
21600,0.000576848
21700,0.000577995
21800,0.00057145
21900,0.000633754
22000,0.000568203
22100,0.000565577
22200,0.000583925
22300,0.000603495
22400,0.00059985
22500,0.000580767
22600,0.000603549
22700,0.000609674
22800,0.000602593
22900,0.000609308
23000,0.000581163
23100,0.000651917
23200,0.000649731
23300,0.000627751
23400,0.000620068
23500,0.000609203
23600,0.000700583
23700,0.000643242
23800,0.00064499
23900,0.000688274
24000,0.000638911
24100,0.000669868
24200,0.000625876
24300,0.0127249
24400,0.00634465
24500,0.000940032
24600,0.000631128
24700,0.000705199
24800,0.000679851
24900,0.000642344
25000,0.00067093
25100,0.000708051
25200,0.000661749
25300,0.000665217
25400,0.000643146
25500,0.000685043
25600,0.000693202
25700,0.000669442
25800,0.000703421
25900,0.000814162
26000,0.00069474
26100,0.000684165
26200,0.000713108
26300,0.00887942
26400,0.0076319
26500,0.000700955
26600,0.000701991
26700,0.000816291
26800,0.00517372
26900,0.000744916
27000,0.000831957
27100,0.000736953
27200,0.000998207
27300,0.0133139
27400,0.00629794
27500,0.000767879
27600,0.0078902
27700,0.000826751
27800,0.00303705
27900,0.00106896
28000,0.000998022
28100,0.00260917
28200,0.00889631
28300,0.00981861
28400,0.00108276
28500,0.00905451
28600,0.00433092
28700,0.00491085
28800,0.0128457
28900,0.00890154
29000,0.00891255
29100,0.0011021
29200,0.0011517
29300,0.00888382
29400,0.000888854
29500,0.000892086
29600,0.0108703
29700,0.00363532
29800,0.00494969
29900,0.00083106
30000,0.0163946
30100,0.00153702
30200,0.00137773
30300,0.000854149
30400,0.000824766
30500,0.000969209
30600,0.000864187
30700,0.00897667
30800,0.00520652
30900,0.000840116
31000,0.00790369
31100,0.00488835
31200,0.00496167
31300,0.000979568
31400,0.000959994
31500,0.000893419
31600,0.000890393
31700,0.00675007
31800,0.000927583
31900,0.000879367
32000,0.00102282
32100,0.000981052
32200,0.000947694
32300,0.00901706
32400,0.000871158
32500,0.000897444
32600,0.000922165
32700,0.00470559
32800,0.000906374
32900,0.000853788
33000,0.00301738
33100,0.000944718
33200,0.0137389
33300,0.000903833
33400,0.00812177
33500,0.000925669
33600,0.000919059
33700,0.00411573
33800,0.0009589
33900,0.000916067
34000,0.00126931
34100,0.00505071
34200,0.00448835
34300,0.00126786
34400,0.0141499
34500,0.000937666
34600,0.0130478
34700,0.000926085
34800,0.000916698
34900,0.000970789
35000,0.00124592
35100,0.00116119
35200,0.000958174
35300,0.00112054
35400,0.00549705
35500,0.0124331
35600,0.00286865
35700,0.00841283
35800,0.00503113
35900,0.000937205
36000,0.00803456
36100,0.00098225
36200,0.000960154
36300,0.00739879
36400,0.00100635
36500,0.0010121
36600,0.00918195
36700,0.00102185
36800,0.00098457
36900,0.0119164
37000,0.000994508
37100,0.00102079
37200,0.0051041
37300,0.00101644
37400,0.00107236
37500,0.00113168
37600,0.00107793
37700,0.0036333
37800,0.00102256
37900,0.00112114
38000,0.00104452
38100,0.00515106
38200,0.0035689
38300,0.00104919
38400,0.00158968
38500,0.0010325
38600,0.00862998
38700,0.00103353
38800,0.00103483
38900,0.00104448
39000,0.00109609
39100,0.0010321
39200,0.00113964
39300,0.00107332
39400,0.00109595
39500,0.00495707
39600,0.00543709
39700,0.00105013
39800,0.00105786
39900,0.00104245
40000,0.0010514
40100,0.00101579
40200,0.00103477
40300,0.00371529
40400,0.00833541
40500,0.00117753
40600,0.00122949
40700,0.0011054
40800,0.0010642
40900,0.00111405
41000,0.00111636
41100,0.013149
41200,0.00111399
41300,0.00112201
41400,0.00111029
41500,0.0011663
41600,0.00118099
41700,0.00143273
41800,0.00114183
41900,0.00845096
42000,0.00478502
42100,0.00110387
42200,0.00111262
42300,0.00116207
42400,0.00121116
42500,0.00254912
42600,0.00963168
42700,0.00597719
42800,0.00522041
42900,0.00197953
43000,0.00145265
43100,0.00761003
43200,0.00113442
43300,0.00113222
43400,0.00692888
43500,0.00115892
43600,0.00892566
43700,0.00115334
43800,0.00118262
43900,0.00118226
44000,0.00115192
44100,0.00435608
44200,0.00537901
44300,0.00806668
44400,0.00716682
44500,0.00185848
44600,0.00120127
44700,0.0012047
44800,0.00116755
44900,0.00342096
45000,0.00127305
45100,0.00125936
45200,0.00121089
45300,0.00563182
45400,0.00122269
45500,0.00242621
45600,0.00125958
45700,0.0042504
45800,0.00122543
45900,0.00538032
46000,0.00121315
46100,0.00466723
46200,0.00121552
46300,0.00125594
46400,0.00127714
46500,0.00129973
46600,0.00548777
46700,0.00934886
46800,0.00320208
46900,0.00123386
47000,0.00165147
47100,0.00505367
47200,0.00136299
47300,0.00125184
47400,0.00310581
47500,0.00128501
47600,0.00150683
47700,0.00580431
47800,0.00132959
47900,0.00138924
48000,0.00685286
48100,0.00145651
48200,0.0013441
48300,0.00182116
48400,0.0012774
48500,0.00129274
48600,0.00136544
48700,0.00134127
48800,0.00127726
48900,0.00129041
49000,0.00385484
49100,0.00130311
49200,0.00202447
49300,0.00838688
49400,0.00128075
49500,0.00353266
49600,0.00139583
49700,0.00132171
49800,0.00181784
49900,0.00131838
50000,0.00138165
